342
22
84
930
30
238
84
548
741
848
363
779
605
929
664
198
537
387
822
885
114
135
55
253
997
461
325
19
429
171
821
122
193
904
403
574
142
838
122
234
685
836
12
289
764
27
839
300
413
660
537
879
794
943
131
790
403
807
808
183
977
628
656
521
884
58
95
25
895
568
258
932
403
269
572
166
647
410
818
411
421
706
289
566
648
419
355
50
577
515
584
554
494
239
426
377
296
520
401
542
87
10
473
489
630
45
7
276
806
176
687
227
881
975
792
528
746
499
929
322
365
864
227
210
454
653
587
101
172
339
642
611
349
467
451
978
863
457
606
20
984
292
246
864
618
390
743
363
240
23
37
956
238
263
165
691
267
103
791
439
794
433
49
142
251
499
471
113
308
428
484
643
719
730
859
689
471
601
403
62
976
439
17
213
54
533
256
320
636
46
110
429
830
158
922
80
9
744
544
668
172
28
310
242
109
520
930
931
121
333
344
448
123
360
12
176
244
267
496
879
665
605
659
494
115
932
926
475
28
821
494
199
200
155
792
660
675
722
590
147
406
933
594
528
644
957
704
888
576
551
118
240
507
129
85
973
412
10
447
439
183
292
989
382
447
781
42
121
854
983
267
259
268
212
786
263
520
841
502
95
391
620
334
250
100
419
222
511
780
21
950
962
312
938
696
758
70
89
230
923
71
848
181
690
411
319
953
931
159
806
25
902
425
359
151
524
129
724
387
908
744
336
222
408
625
917
165
695
5
747
617
427
594
150
469
5
468
773
935
978
578
311
879
3
21
381
878
149
105
616
409
848
951
630
255
928
898
772
622
254
870
590
32
815
739
500
819
558
272
105
536
850
416
414
204
436
795
433
937
251
49
345
98
351
326
705
278
575
828
899
828
697
841
211
511
579
711
682
137
982
138
24
183
905
437
386
693
583
171
629
833
219
325
283
569
2
339
847
576
518
97
755
566
937
965
428
868
27
109
356
361
599
379
543
503
815
281
547
750
803
527
934
21
851
216
941
204
906
787
131
423
236
237
988
524
554
416
391
580
876
746
292
474
124
187
329
291
819
875
392
621
402
325
641
604
541
581
160
798
720
642
221
307
879
208
830
432
975
221
363
851
966
655
676
442
193
4
84
11
231
475
631
984
151
271
939
691
203
450
489
274
92
61
580
970
268
410
753
595
630
467
445
947
121
120
740
665
476
823
675
58
649
305
41
800
927
331
842
130
781
682
403
872
742
335
193
362
744
945
956
725
411
752
671
884
223
763
548
698
937
223
107
586
879
499
737
806
830
578
287
962
612
41
185
353
375
377
66
118
673
373
842
435
124
865
670
699
627
218
748
563
792
855
500
22
353
236
827
534
166
113
847
777
154
31
481
880
759
547
998
431
271
191
218
395
55
887
93
33
456
192
948
599
46
799
621
751
35
447
284
552
912
483
328
417
513
808
296
624
706
645
54
977
836
623
723
242
510
167
627
965
358
926
916
756
724
536
506
110
334
141
661
597
623
340
365
136
500
661
759
205
657
164
533
844
139
607
438
648
125
64
964
835
341
879
590
64
766
95
174
100
587
186
696
210
526
61
697
25
73
455
229
81
970
114
925
108
72
362
107
197
777
423
31
117
301
972
180
67
418
705
518
4
891
213
213
416
625
909
792
49
715
372
130
37
485
54
496
909
767
603
105
543
25
487
11
677
810
542
95
227
599
612
230
489
177
443
256
153
703
47
202
418
418
331
806
255
736
301
163
502
903
619
396
279
457
758
308
266
299
402
492
249
366
721
737
894
515
344
46
570
742
599
339
512
281
144
766
16
444
280
869
699
898
616
977
706
373
284
971
24
38
462
272
755
534
361
648
401
704
45
970
798
644
660
309
276
803
426
292
246
705
160
944
954
776
273
659
500
908
629
523
945
442
795
51
327
155
698
727
210
95
48
7
90
707
667
365
509
92
8
107
148
520
402
101
295
26
111
146
934
91
669
230
884
815
281
211
321
330
937
530
776
985
889
865
43
555
582
904
999
589
10
146
108
763
599
754
789
709
900
74
152
920
303
35
734
935
245
54
617
534
935
392
870
823
609
912
730
542
815
728
482
176
873
590
939
471
695
79
532
946
152
683
865
806
69
950
93
666
355
61
199
290
804
68
464
764
331
545
305
146
272
787
673
497
728
963
319
422
41
202
368
544
236
584
702
305
886
794
970
240
206
520
881
9
587
345
773
917
241
429
414
513
215
439
361
942
401
31
716
794
233
435
337
468
370
38
772
255
